 22
P07_621_SLS     0.00000000 0.02865660 0.02870160 0.02878250 0.03950280 0.03988420 0.04011750 0.04016660 0.03901690 0.03900900 0.03904710 0.03898010 0.03899590 0.03895910 0.03899060 0.03892640 0.03951620 0.03908920 0.03908920 0.03895390 0.03892510 0.03892380
1006PHL         0.02865660 0.00000000 0.00521582 0.00512027 0.03869940 0.03915910 0.03936560 0.03941090 0.03840960 0.03840700 0.03841730 0.03833760 0.03835940 0.03831570 0.03836200 0.03831830 0.03885310 0.03844440 0.03843530 0.03829910 0.03828620 0.03829780
P08_701_BU2_PER 0.02870160 0.00521582 0.00000000 0.00277604 0.03888190 0.03931120 0.03951210 0.03953220 0.03862280 0.03862150 0.03860070 0.03850890 0.03854890 0.03850630 0.03853730 0.03848310 0.03903660 0.03860720 0.03859040 0.03849340 0.03848310 0.03847920
P01_617_BU1_SLS 0.02878250 0.00512027 0.00277604 0.00000000 0.03885570 0.03929930 0.03948950 0.03952680 0.03858650 0.03858260 0.03858390 0.03850760 0.03855540 0.03853210 0.03853470 0.03848690 0.03904320 0.03860590 0.03859940 0.03850110 0.03848690 0.03848050
P11_702_BU2_PER 0.03950280 0.03869940 0.03888190 0.03885570 0.00000000 0.00167453 0.00178869 0.00187529 0.01829370 0.01827060 0.01831740 0.01824630 0.01831260 0.01823540 0.01825780 0.01824690 0.01881830 0.01830400 0.01829310 0.01823110 0.01822690 0.01825300
E01_615_SLS     0.03988420 0.03915910 0.03931120 0.03929930 0.00167453 0.00000000 0.00190845 0.00200267 0.01876060 0.01873950 0.01878480 0.01871840 0.01878110 0.01872150 0.01871530 0.01872280 0.01866770 0.01877920 0.01877670 0.01872400 0.01871530 0.01873820
P04_601_BU1_SLS 0.04011750 0.03936560 0.03951210 0.03948950 0.00178869 0.00190845 0.00000000 0.00028225 0.01891870 0.01889250 0.01891060 0.01884950 0.01894490 0.01887500 0.01885380 0.01886690 0.01899250 0.01892810 0.01892370 0.01887000 0.01886690 0.01888190
P04_559_BU1_SLS 0.04016660 0.03941090 0.03953220 0.03952680 0.00187529 0.00200267 0.00028225 0.00000000 0.01895120 0.01892560 0.01895620 0.01888870 0.01898690 0.01891810 0.01889750 0.01890930 0.01903140 0.01897680 0.01896500 0.01891560 0.01890740 0.01892930
P05_600_BU1_SLS 0.03901690 0.03840960 0.03862280 0.03858650 0.01829370 0.01876060 0.01891870 0.01895120 0.00000000 0.00038241 0.00165844 0.00158976 0.00160947 0.00153078 0.00140824 0.00158766 0.00198330 0.00144933 0.00150698 0.00154334 0.00155120 0.00156509
P05_598_BU1_SLS 0.03900900 0.03840700 0.03862150 0.03858260 0.01827060 0.01873950 0.01889250 0.01892560 0.00038241 0.00000000 0.00169672 0.00163578 0.00164078 0.00157007 0.00145350 0.00162498 0.00203393 0.00149000 0.00154203 0.00159317 0.00160027 0.00161183
P04_603_BU1_SLS 0.03904710 0.03841730 0.03860070 0.03858390 0.01831740 0.01878480 0.01891060 0.01895620 0.00165844 0.00169672 0.00000000 0.00043542 0.00161920 0.00154701 0.00145558 0.00147774 0.00215112 0.00160815 0.00165264 0.00152371 0.00154675 0.00154937
P04_602_BU1_SLS 0.03898010 0.03833760 0.03850890 0.03850760 0.01824630 0.01871840 0.01884950 0.01888870 0.00158976 0.00163578 0.00043542 0.00000000 0.00153496 0.00147748 0.00137866 0.00139526 0.00206551 0.00152607 0.00158293 0.00144881 0.00147226 0.00147539
P06_032_BU1_SLS 0.03899590 0.03835940 0.03854890 0.03855540 0.01831260 0.01878110 0.01894490 0.01898690 0.00160947 0.00164078 0.00161920 0.00153496 0.00000000 0.00028128 0.00133800 0.00144543 0.00195214 0.00148531 0.00156535 0.00136725 0.00144673 0.00145871
P06_023_BU1_SLS 0.03895910 0.03831570 0.03850630 0.03853210 0.01823540 0.01872150 0.01887500 0.01891810 0.00153078 0.00157007 0.00154701 0.00147748 0.00028128 0.00000000 0.00125210 0.00137970 0.00190122 0.00144283 0.00150959 0.00129487 0.00137736 0.00138618
P02_783_BU1_SLS 0.03899060 0.03836200 0.03853730 0.03853470 0.01825780 0.01871530 0.01885380 0.01889750 0.00140824 0.00145350 0.00145558 0.00137866 0.00133800 0.00125210 0.00000000 0.00126652 0.00191809 0.00145298 0.00150698 0.00136156 0.00143294 0.00144100
P12_579_STR     0.03892640 0.03831830 0.03848310 0.03848690 0.01824690 0.01872280 0.01886690 0.01890930 0.00158766 0.00162498 0.00147774 0.00139526 0.00144543 0.00137970 0.00126652 0.00000000 0.00209039 0.00155434 0.00161315 0.00144283 0.00151273 0.00152162
P05_622_BU1_SLS 0.03951620 0.03885310 0.03903660 0.03904320 0.01881830 0.01866770 0.01899250 0.01903140 0.00198330 0.00203393 0.00215112 0.00206551 0.00195214 0.00190122 0.00191809 0.00209039 0.00000000 0.00175683 0.00181076 0.00172423 0.00178284 0.00178949
P10_703_BU2_PER 0.03908920 0.03844440 0.03860720 0.03860590 0.01830400 0.01877920 0.01892810 0.01897680 0.00144933 0.00149000 0.00160815 0.00152607 0.00148531 0.00144283 0.00145298 0.00155434 0.00175683 0.00000000 0.00036705 0.00122665 0.00130622 0.00131190
P09_704_BU2_PER 0.03908920 0.03843530 0.03859040 0.03859940 0.01829310 0.01877670 0.01892370 0.01896500 0.00150698 0.00154203 0.00165264 0.00158293 0.00156535 0.00150959 0.00150698 0.00161315 0.00181076 0.00036705 0.00000000 0.00129074 0.00135845 0.00137088
P03_594_BU1_SLS 0.03895390 0.03829910 0.03849340 0.03850110 0.01823110 0.01872400 0.01887000 0.01891560 0.00154334 0.00159317 0.00152371 0.00144881 0.00136725 0.00129487 0.00136156 0.00144283 0.00172423 0.00122665 0.00129074 0.00000000 0.00030335 0.00031354
P05_599_BU1_SLS 0.03892510 0.03828620 0.03848310 0.03848690 0.01822690 0.01871530 0.01886690 0.01890740 0.00155120 0.00160027 0.00154675 0.00147226 0.00144673 0.00137736 0.00143294 0.00151273 0.00178284 0.00130622 0.00135845 0.00030335 0.00000000 0.00032861
P03_592_BU1_SLS 0.03892380 0.03829780 0.03847920 0.03848050 0.01825300 0.01873820 0.01888190 0.01892930 0.00156509 0.00161183 0.00154937 0.00147539 0.00145871 0.00138618 0.00144100 0.00152162 0.00178949 0.00131190 0.00137088 0.00031354 0.00032861 0.00000000
